14.476416786473852
13.87971682721995
12.110287021078074
12.297497869682502
11.718669406904754
10.232855265573683
11.447052929045357
11.52231236950602
11.499243713896806
10.594958747501767
10.178475380148434
11.859795075703413
11.866645263690103
10.847012403784856
11.329182126775315
10.741712517353479
10.988551707220681
11.775523189754596
12.22714929485339
10.902424310003525
11.666942291144473
10.797208632542489
10.997285377157663
10.955018383502031
10.678684077342176
11.449343464112204
11.283272312201008
11.235878081988087
11.280277853203408
11.518786830332427
11.935768229427008
10.7834608740288
11.809064203231124
11.16354060653075
10.888305207731866
11.931731508030472
10.288317450129634
11.258681960492444
11.038928381537431
10.602391949080527
11.644110125214715
11.387885523518555
12.101939135972918
11.269125197380424
11.65627125512974
11.258598372295465
11.16617825796793
12.550108675592558
12.375998686352093
11.66983247994829
10.59178937545207
11.038683122180256
11.534062304452345
11.243667195152327
11.1678916928715
10.837402785452205
10.946653498694285
11.297665303930067
11.142623871809706
10.725553663685801
10.655821525249479
11.580167906596763
11.446737557050124
10.590623894847852
11.289783129407091
11.369640592747503
12.201131043904793
11.027222171669388
11.574813620566612
10.209049360056516
10.901621071285165
11.188052257043394
11.428928017136275
10.669938316155214
11.15075229974347
11.544000336520519
10.706673028458608
11.500924205317828
11.299952955753476
11.60083469826089
11.030348082564222
10.950822735128177
11.049583356274757
11.183418577055939
12.16960572250475
10.92712912520422
10.648202943838788
11.145236848186656
11.073069075462978
10.725676862357453
11.044131788292116
10.249707155502566
11.209984402882688
11.065700351376211
10.899846754291257
11.06049149935718
11.474611247780894
12.248619009398363
11.161961033283827
11.178883062614359
10.501077905397672
11.02337749712352
10.823809031116665
10.984413713555355
11.87737159792147
11.580502610454875
11.342361669093208
11.912311335657952
11.438653542274794
10.502496319402836
11.691858575211183
11.13235430415127
10.982981261396215
11.17928944245336
11.26748114077391
11.71621404401943
11.103752284865875
11.378258709254176
11.294779178530309
12.08601610590852
11.237344931657837
11.614700240296939
11.56902236578451
11.262747080203628
11.171359066820616
10.895859367898494
11.533509805281842
11.424250242194335
10.756954173096034
10.94522426890259
11.382208977481046
10.645867212977365
11.539923391827998
10.896821684123376
11.703217093241658
10.726626583833301
11.005364066419391
11.280733702243063
10.426891461206646
11.376275182463887
11.070914347595528
10.80192892895528
11.540246486016557
11.733439657216433
11.414459204284016
11.526025511169369
10.69631051126897
10.749457928764855
11.152277187586728
11.401773066572723
