14.46766752229975
14.80273631387167
13.487491967717414
13.437630805075694
11.80714814442826
12.309342268762903
12.519265351988455
12.032555439864899
12.102890587903493
11.900501901548564
13.307588625108643
11.800501526376255
12.032363430811653
12.270101691957642
11.84242823628988
12.128423652527578
11.691454461866797
12.58022377106659
11.786488456809922
11.682012210713726
11.914307992416015
12.828124736615099
11.999145291443703
12.726687456119757
12.191646023313595
12.256913719605006
11.570244414224558
12.241607147360922
12.692866418760696
11.90636856847979
12.309498047618769
13.151764816842846
12.960654135905205
11.901921084220595
13.017063254469546
12.691082425848546
12.602376195435399
12.40618563517241
12.84004253211493
12.125946263389917
13.15834548570129
12.14881770390195
13.038599627860986
11.107381352144957
12.358862666806656
13.580776934272464
13.576387476587453
12.32347391791074
12.30903549748653
11.365847438453473
